# index, flag, s, b_g_x, b_g_y, b_g_z, b_a_x, b_a_y, b_a_z, g_x, g_y, g_z 
0.000000,1.000000,1.048396,-0.003505,0.022444,0.078332,-0.003505,0.022444,0.078332,-1.789965,-2.437322,-9.332287
1.000000,1.000000,0.978261,-0.003058,0.021328,0.078885,-0.003058,0.021328,0.078885,-1.614006,-4.166506,-8.733345
2.000000,1.000000,0.991529,-0.003139,0.020810,0.078842,-0.003139,0.020810,0.078842,1.324819,1.934048,-9.525776
3.000000,1.000000,0.995825,-0.002875,0.021866,0.078826,-0.002875,0.021866,0.078826,0.341112,1.650639,-9.664116
4.000000,1.000000,1.017127,-0.003803,0.021757,0.078968,-0.003803,0.021757,0.078968,0.005307,1.682502,-9.664640
5.000000,1.000000,0.965978,-0.002771,0.020399,0.078480,-0.002771,0.020399,0.078480,0.853254,1.700494,-9.623740
6.000000,1.000000,1.018597,-0.003194,0.020817,0.078964,-0.003194,0.020817,0.078964,-0.818506,0.779701,-9.744651
7.000000,1.000000,0.995728,-0.003550,0.021940,0.078727,-0.003550,0.021940,0.078727,-0.132516,3.265762,-9.249505
8.000000,1.000000,0.992957,-0.002524,0.022674,0.078890,-0.002524,0.022674,0.078890,0.748279,0.855553,-9.743932
9.000000,1.000000,1.024504,-0.003032,0.021337,0.078652,-0.003032,0.021337,0.078652,0.166760,0.192336,-9.806697
10.000000,1.000000,1.000713,-0.002576,0.020755,0.079379,-0.002576,0.020755,0.079379,0.052184,0.142419,-9.808827
11.000000,1.000000,1.003310,-0.002742,0.020393,0.078883,-0.002742,0.020393,0.078883,-0.612438,-0.564761,-9.774562
12.000000,1.000000,0.997369,-0.002644,0.021777,0.078772,-0.002644,0.021777,0.078772,-0.057002,-0.254342,-9.806537
13.000000,1.000000,1.045356,-0.002670,0.021134,0.079081,-0.002670,0.021134,0.079081,-0.397640,-0.069517,-9.801691
14.000000,1.000000,1.045356,-0.002670,0.021134,0.079081,-0.002670,0.021134,0.079081,-0.397640,-0.069517,-9.801691
15.000000,1.000000,1.045356,-0.002670,0.021134,0.079081,-0.002670,0.021134,0.079081,-0.397640,-0.069517,-9.801691
16.000000,1.000000,1.006662,-0.002845,0.020733,0.079006,-0.002845,0.020733,0.079006,-0.180935,-0.100864,-9.807813
17.000000,1.000000,0.989726,-0.002362,0.020388,0.078775,-0.002362,0.020388,0.078775,-0.457699,-0.199283,-9.797290
18.000000,1.000000,0.989726,-0.002362,0.020388,0.078775,-0.002362,0.020388,0.078775,-0.457699,-0.199283,-9.797290
19.000000,1.000000,0.989726,-0.002362,0.020388,0.078775,-0.002362,0.020388,0.078775,-0.457699,-0.199283,-9.797290
20.000000,1.000000,0.960316,-0.002533,0.020981,0.078792,-0.002533,0.020981,0.078792,-0.259112,-0.063153,-9.806374
21.000000,1.000000,1.010350,-0.004099,0.021773,0.079750,-0.004099,0.021773,0.079750,0.009318,0.069371,-9.809750
22.000000,1.000000,1.010350,-0.004099,0.021773,0.079750,-0.004099,0.021773,0.079750,0.009318,0.069371,-9.809750
23.000000,1.000000,1.001269,-0.002211,0.020873,0.078847,-0.002211,0.020873,0.078847,0.031295,0.214717,-9.807600
24.000000,1.000000,1.004348,-0.003892,0.020784,0.079368,-0.003892,0.020784,0.079368,-0.539882,-0.548164,-9.779782
25.000000,1.000000,1.004348,-0.003892,0.020784,0.079368,-0.003892,0.020784,0.079368,-0.539882,-0.548164,-9.779782
26.000000,1.000000,1.004348,-0.003892,0.020784,0.079368,-0.003892,0.020784,0.079368,-0.539882,-0.548164,-9.779782
27.000000,1.000000,1.004348,-0.003892,0.020784,0.079368,-0.003892,0.020784,0.079368,-0.539882,-0.548164,-9.779782
28.000000,1.000000,1.004348,-0.003892,0.020784,0.079368,-0.003892,0.020784,0.079368,-0.539882,-0.548164,-9.779782
29.000000,1.000000,1.004348,-0.003892,0.020784,0.079368,-0.003892,0.020784,0.079368,-0.539882,-0.548164,-9.779782
30.000000,1.000000,1.004348,-0.003892,0.020784,0.079368,-0.003892,0.020784,0.079368,-0.539882,-0.548164,-9.779782
31.000000,1.000000,1.004348,-0.003892,0.020784,0.079368,-0.003892,0.020784,0.079368,-0.539882,-0.548164,-9.779782
32.000000,1.000000,1.009209,-0.002926,0.021692,0.078682,-0.002926,0.021692,0.078682,0.135267,0.505061,-9.796056
33.000000,1.000000,0.996753,-0.002400,0.020672,0.078843,-0.002400,0.020672,0.078843,0.120541,0.482085,-9.797406
34.000000,1.000000,1.002409,-0.002805,0.020667,0.078962,-0.002805,0.020667,0.078962,-0.076513,0.042224,-9.809611
35.000000,1.000000,0.988467,-0.002652,0.021519,0.079585,-0.002652,0.021519,0.079585,0.051917,0.531061,-9.795477
36.000000,1.000000,0.988467,-0.002652,0.021519,0.079585,-0.002652,0.021519,0.079585,0.051917,0.531061,-9.795477
37.000000,0.000000,0.988467,-0.002652,0.021519,0.079585,-0.002652,0.021519,0.079585,0.051917,0.531061,-9.795477
38.000000,0.000000,0.988467,-0.002652,0.021519,0.079585,-0.002652,0.021519,0.079585,0.051917,0.531061,-9.795477
39.000000,0.000000,0.988467,-0.002652,0.021519,0.079585,-0.002652,0.021519,0.079585,0.051917,0.531061,-9.795477
40.000000,0.000000,0.988467,-0.002652,0.021519,0.079585,-0.002652,0.021519,0.079585,0.051917,0.531061,-9.795477
41.000000,0.000000,0.988467,-0.002652,0.021519,0.079585,-0.002652,0.021519,0.079585,0.051917,0.531061,-9.795477
42.000000,0.000000,0.988467,-0.002652,0.021519,0.079585,-0.002652,0.021519,0.079585,0.051917,0.531061,-9.795477
43.000000,0.000000,0.988467,-0.002652,0.021519,0.079585,-0.002652,0.021519,0.079585,0.051917,0.531061,-9.795477
44.000000,0.000000,0.988467,-0.002652,0.021519,0.079585,-0.002652,0.021519,0.079585,0.051917,0.531061,-9.795477
45.000000,0.000000,0.988467,-0.002652,0.021519,0.079585,-0.002652,0.021519,0.079585,0.051917,0.531061,-9.795477
46.000000,0.000000,0.988467,-0.002652,0.021519,0.079585,-0.002652,0.021519,0.079585,0.051917,0.531061,-9.795477
47.000000,0.000000,0.988467,-0.002652,0.021519,0.079585,-0.002652,0.021519,0.079585,0.051917,0.531061,-9.795477
48.000000,0.000000,0.988467,-0.002652,0.021519,0.079585,-0.002652,0.021519,0.079585,0.051917,0.531061,-9.795477
49.000000,0.000000,0.988467,-0.002652,0.021519,0.079585,-0.002652,0.021519,0.079585,0.051917,0.531061,-9.795477
50.000000,0.000000,0.988467,-0.002652,0.021519,0.079585,-0.002652,0.021519,0.079585,0.051917,0.531061,-9.795477
51.000000,0.000000,0.988467,-0.002652,0.021519,0.079585,-0.002652,0.021519,0.079585,0.051917,0.531061,-9.795477
52.000000,0.000000,0.988467,-0.002652,0.021519,0.079585,-0.002652,0.021519,0.079585,0.051917,0.531061,-9.795477
53.000000,0.000000,0.988467,-0.002652,0.021519,0.079585,-0.002652,0.021519,0.079585,0.051917,0.531061,-9.795477
54.000000,0.000000,0.988467,-0.002652,0.021519,0.079585,-0.002652,0.021519,0.079585,0.051917,0.531061,-9.795477
55.000000,0.000000,0.988467,-0.002652,0.021519,0.079585,-0.002652,0.021519,0.079585,0.051917,0.531061,-9.795477
56.000000,0.000000,0.988467,-0.002652,0.021519,0.079585,-0.002652,0.021519,0.079585,0.051917,0.531061,-9.795477
57.000000,0.000000,0.988467,-0.002652,0.021519,0.079585,-0.002652,0.021519,0.079585,0.051917,0.531061,-9.795477
58.000000,0.000000,0.988467,-0.002652,0.021519,0.079585,-0.002652,0.021519,0.079585,0.051917,0.531061,-9.795477
59.000000,0.000000,0.988467,-0.002652,0.021519,0.079585,-0.002652,0.021519,0.079585,0.051917,0.531061,-9.795477
60.000000,0.000000,0.988467,-0.002652,0.021519,0.079585,-0.002652,0.021519,0.079585,0.051917,0.531061,-9.795477
61.000000,0.000000,0.988467,-0.002652,0.021519,0.079585,-0.002652,0.021519,0.079585,0.051917,0.531061,-9.795477
62.000000,0.000000,0.988467,-0.002652,0.021519,0.079585,-0.002652,0.021519,0.079585,0.051917,0.531061,-9.795477
63.000000,0.000000,0.988467,-0.002652,0.021519,0.079585,-0.002652,0.021519,0.079585,0.051917,0.531061,-9.795477
64.000000,0.000000,0.988467,-0.002652,0.021519,0.079585,-0.002652,0.021519,0.079585,0.051917,0.531061,-9.795477
65.000000,0.000000,0.988467,-0.002652,0.021519,0.079585,-0.002652,0.021519,0.079585,0.051917,0.531061,-9.795477
66.000000,0.000000,0.988467,-0.002652,0.021519,0.079585,-0.002652,0.021519,0.079585,0.051917,0.531061,-9.795477
67.000000,0.000000,0.988467,-0.002652,0.021519,0.079585,-0.002652,0.021519,0.079585,0.051917,0.531061,-9.795477
68.000000,0.000000,0.988467,-0.002652,0.021519,0.079585,-0.002652,0.021519,0.079585,0.051917,0.531061,-9.795477
69.000000,0.000000,0.988467,-0.002652,0.021519,0.079585,-0.002652,0.021519,0.079585,0.051917,0.531061,-9.795477
70.000000,0.000000,0.988467,-0.002652,0.021519,0.079585,-0.002652,0.021519,0.079585,0.051917,0.531061,-9.795477
71.000000,0.000000,0.988467,-0.002652,0.021519,0.079585,-0.002652,0.021519,0.079585,0.051917,0.531061,-9.795477
72.000000,0.000000,0.988467,-0.002652,0.021519,0.079585,-0.002652,0.021519,0.079585,0.051917,0.531061,-9.795477
73.000000,0.000000,0.988467,-0.002652,0.021519,0.079585,-0.002652,0.021519,0.079585,0.051917,0.531061,-9.795477
74.000000,0.000000,0.988467,-0.002652,0.021519,0.079585,-0.002652,0.021519,0.079585,0.051917,0.531061,-9.795477
75.000000,0.000000,0.988467,-0.002652,0.021519,0.079585,-0.002652,0.021519,0.079585,0.051917,0.531061,-9.795477
76.000000,0.000000,0.988467,-0.002652,0.021519,0.079585,-0.002652,0.021519,0.079585,0.051917,0.531061,-9.795477
77.000000,0.000000,0.988467,-0.002652,0.021519,0.079585,-0.002652,0.021519,0.079585,0.051917,0.531061,-9.795477
78.000000,0.000000,0.988467,-0.002652,0.021519,0.079585,-0.002652,0.021519,0.079585,0.051917,0.531061,-9.795477
79.000000,0.000000,0.988467,-0.002652,0.021519,0.079585,-0.002652,0.021519,0.079585,0.051917,0.531061,-9.795477
80.000000,0.000000,0.988467,-0.002652,0.021519,0.079585,-0.002652,0.021519,0.079585,0.051917,0.531061,-9.795477
81.000000,0.000000,0.988467,-0.002652,0.021519,0.079585,-0.002652,0.021519,0.079585,0.051917,0.531061,-9.795477
82.000000,0.000000,0.988467,-0.002652,0.021519,0.079585,-0.002652,0.021519,0.079585,0.051917,0.531061,-9.795477
83.000000,0.000000,0.988467,-0.002652,0.021519,0.079585,-0.002652,0.021519,0.079585,0.051917,0.531061,-9.795477
84.000000,1.000000,1.155128,-0.002999,0.020816,0.078943,-0.002999,0.020816,0.078943,3.317487,-8.873949,2.546255
85.000000,1.000000,0.970708,-0.003109,0.021318,0.079024,-0.003109,0.021318,0.079024,-0.393874,0.288512,-9.797843
86.000000,1.000000,0.970708,-0.003109,0.021318,0.079024,-0.003109,0.021318,0.079024,-0.393874,0.288512,-9.797843
87.000000,1.000000,1.013432,-0.003463,0.020430,0.078833,-0.003463,0.020430,0.078833,0.450564,-0.873737,-9.760619
88.000000,1.000000,0.997345,-0.003552,0.020557,0.077889,-0.003552,0.020557,0.077889,-0.982886,0.227029,-9.757996
89.000000,1.000000,1.025463,-0.002998,0.021124,0.079069,-0.002998,0.021124,0.079069,-0.817836,-0.545204,-9.760635
90.000000,1.000000,0.906575,-0.003088,0.022189,0.078877,-0.003088,0.022189,0.078877,-0.629155,2.531280,-9.456896
91.000000,1.000000,0.948303,-0.002849,0.021233,0.078652,-0.002849,0.021233,0.078652,1.126111,1.902820,-9.557576
92.000000,1.000000,1.023591,-0.002861,0.020549,0.078603,-0.002861,0.020549,0.078603,-0.416759,0.322693,-9.795830
93.000000,1.000000,1.011736,-0.003128,0.021640,0.078671,-0.003128,0.021640,0.078671,-0.281935,-0.051764,-9.805811
94.000000,1.000000,0.851852,-0.003122,0.020876,0.078948,-0.003122,0.020876,0.078948,1.589518,4.297476,-8.674170
95.000000,1.000000,1.022523,-0.002459,0.021795,0.078627,-0.002459,0.021795,0.078627,-0.065390,-0.136069,-9.808838
96.000000,1.000000,0.988151,-0.003053,0.020300,0.078465,-0.003053,0.020300,0.078465,0.007303,-0.010310,-9.809992
97.000000,1.000000,0.947378,-0.003454,0.021056,0.079015,-0.003454,0.021056,0.079015,0.096102,-0.034506,-9.809469
98.000000,1.000000,0.944321,-0.004151,0.020533,0.078690,-0.004151,0.020533,0.078690,-1.462088,-1.216971,-9.623792
99.000000,1.000000,1.022354,-0.003294,0.020687,0.078611,-0.003294,0.020687,0.078611,0.180261,0.789353,-9.776529
100.000000,1.000000,0.953146,-0.002869,0.020598,0.078797,-0.002869,0.020598,0.078797,4.494532,3.658416,-7.915256
101.000000,1.000000,1.075214,-0.003559,0.021508,0.078186,-0.003559,0.021508,0.078186,-0.367258,3.157139,-9.280824
102.000000,1.000000,0.996009,-0.003089,0.021179,0.078684,-0.003089,0.021179,0.078684,0.092508,0.183355,-9.807850
103.000000,1.000000,0.996009,-0.003089,0.021179,0.078684,-0.003089,0.021179,0.078684,0.092508,0.183355,-9.807850
104.000000,1.000000,0.983609,-0.003241,0.021601,0.078180,-0.003241,0.021601,0.078180,-0.007321,-0.250641,-9.806795
105.000000,1.000000,0.983609,-0.003241,0.021601,0.078180,-0.003241,0.021601,0.078180,-0.007321,-0.250641,-9.806795
106.000000,1.000000,0.983609,-0.003241,0.021601,0.078180,-0.003241,0.021601,0.078180,-0.007321,-0.250641,-9.806795
107.000000,1.000000,0.983609,-0.003241,0.021601,0.078180,-0.003241,0.021601,0.078180,-0.007321,-0.250641,-9.806795
108.000000,1.000000,0.914969,-0.002721,0.021009,0.078822,-0.002721,0.021009,0.078822,-0.234778,-0.334388,-9.801488
109.000000,1.000000,0.973610,-0.002841,0.020676,0.079300,-0.002841,0.020676,0.079300,-1.231449,-0.210985,-9.730114
110.000000,1.000000,1.039480,-0.003331,0.021345,0.078402,-0.003331,0.021345,0.078402,-0.250107,0.147832,-9.805697
111.000000,1.000000,1.133164,-0.003234,0.021544,0.078060,-0.003234,0.021544,0.078060,-2.119804,0.972333,-9.528751
112.000000,1.000000,1.036143,-0.003186,0.021289,0.078550,-0.003186,0.021289,0.078550,-3.894564,-3.756460,-8.182755
113.000000,1.000000,1.036143,-0.003186,0.021289,0.078550,-0.003186,0.021289,0.078550,-3.894564,-3.756460,-8.182755
114.000000,1.000000,0.910170,-0.003403,0.021278,0.078167,-0.003403,0.021278,0.078167,0.127606,-3.207148,-9.270060
115.000000,1.000000,0.960299,-0.003031,0.020563,0.079140,-0.003031,0.020563,0.079140,2.735754,-0.539080,-9.405378
116.000000,1.000000,1.023050,-0.003235,0.021264,0.078756,-0.003235,0.021264,0.078756,-2.012638,0.510531,-9.587739
117.000000,1.000000,1.028508,-0.003532,0.020927,0.077927,-0.003532,0.020927,0.077927,-0.678735,1.052093,-9.729775
118.000000,1.000000,1.013013,-0.003027,0.020857,0.078965,-0.003027,0.020857,0.078965,0.043245,-0.636714,-9.789220
119.000000,1.000000,1.002727,-0.003075,0.020854,0.078720,-0.003075,0.020854,0.078720,-1.227420,2.603161,-9.378331
120.000000,1.000000,0.985629,-0.002806,0.020676,0.078335,-0.002806,0.020676,0.078335,2.458137,-1.628835,-9.356311
121.000000,1.000000,0.977555,-0.002721,0.021190,0.078987,-0.002721,0.021190,0.078987,-0.012707,-0.155606,-9.808758
122.000000,1.000000,1.004312,-0.003299,0.020832,0.078531,-0.003299,0.020832,0.078531,0.538084,1.261152,-9.713705
123.000000,1.000000,0.954961,-0.003522,0.021039,0.078295,-0.003522,0.021039,0.078295,-0.334923,-1.012686,-9.751841
124.000000,1.000000,0.954961,-0.003522,0.021039,0.078295,-0.003522,0.021039,0.078295,-0.334923,-1.012686,-9.751841
125.000000,1.000000,0.954961,-0.003522,0.021039,0.078295,-0.003522,0.021039,0.078295,-0.334923,-1.012686,-9.751841
126.000000,1.000000,0.978046,-0.003244,0.021915,0.078317,-0.003244,0.021915,0.078317,-0.711696,1.231380,-9.706353
127.000000,1.000000,0.988229,-0.003123,0.021770,0.078872,-0.003123,0.021770,0.078872,-0.560496,1.159481,-9.725099
128.000000,1.000000,0.984632,-0.002986,0.020676,0.077591,-0.002986,0.020676,0.077591,-2.754760,-2.948708,-8.941617
129.000000,1.000000,0.989247,-0.003202,0.021352,0.077848,-0.003202,0.021352,0.077848,0.983605,0.112158,-9.759920
130.000000,1.000000,0.989247,-0.003202,0.021352,0.077848,-0.003202,0.021352,0.077848,0.983605,0.112158,-9.759920
131.000000,1.000000,0.912277,-0.004469,0.021133,0.078562,-0.004469,0.021133,0.078562,-1.692628,-1.312251,-9.573354
132.000000,1.000000,0.997276,-0.002424,0.021358,0.077956,-0.002424,0.021358,0.077956,0.681646,1.574799,-9.658751
133.000000,1.000000,0.982773,-0.002245,0.021472,0.078132,-0.002245,0.021472,0.078132,0.401441,0.399976,-9.793619
134.000000,1.000000,1.081680,-0.004494,0.021472,0.078730,-0.004494,0.021472,0.078730,-1.269984,-0.250608,-9.724219
135.000000,1.000000,1.081680,-0.004494,0.021472,0.078730,-0.004494,0.021472,0.078730,-1.269984,-0.250608,-9.724219
136.000000,1.000000,1.029428,-0.002404,0.021771,0.078040,-0.002404,0.021771,0.078040,-0.048124,0.147884,-9.808767
137.000000,1.000000,1.029428,-0.002404,0.021771,0.078040,-0.002404,0.021771,0.078040,-0.048124,0.147884,-9.808767
138.000000,1.000000,1.025593,-0.003462,0.021639,0.078376,-0.003462,0.021639,0.078376,-0.026985,-0.014445,-9.809952
139.000000,1.000000,1.009366,-0.002207,0.022184,0.078359,-0.002207,0.022184,0.078359,-0.396390,-0.889841,-9.761514
140.000000,1.000000,1.009366,-0.002207,0.022184,0.078359,-0.002207,0.022184,0.078359,-0.396390,-0.889841,-9.761514
141.000000,1.000000,0.948993,-0.002411,0.021746,0.078044,-0.002411,0.021746,0.078044,0.287066,0.035167,-9.805736
142.000000,1.000000,1.005738,-0.004957,0.021110,0.078652,-0.004957,0.021110,0.078652,-0.340811,0.381260,-9.796662
143.000000,1.000000,1.005738,-0.004957,0.021110,0.078652,-0.004957,0.021110,0.078652,-0.340811,0.381260,-9.796662
144.000000,1.000000,0.999985,-0.003262,0.021683,0.078408,-0.003262,0.021683,0.078408,0.184836,0.750788,-9.779481
145.000000,1.000000,0.980764,-0.002256,0.021795,0.077961,-0.002256,0.021795,0.077961,-0.910495,0.097317,-9.767171
146.000000,1.000000,1.028308,-0.002997,0.021645,0.078210,-0.002997,0.021645,0.078210,0.347538,-0.006036,-9.803840
147.000000,1.000000,1.018761,-0.003351,0.022029,0.078403,-0.003351,0.022029,0.078403,0.699800,-0.120183,-9.784270
148.000000,1.000000,1.056748,-0.003008,0.021872,0.078284,-0.003008,0.021872,0.078284,0.216306,-0.409483,-9.799063
149.000000,1.000000,1.007667,-0.003512,0.021657,0.078878,-0.003512,0.021657,0.078878,-0.042240,0.292977,-9.805533
150.000000,1.000000,0.961529,-0.003128,0.021724,0.078495,-0.003128,0.021724,0.078495,-0.180257,0.272080,-9.804569
151.000000,1.000000,0.961529,-0.003128,0.021724,0.078495,-0.003128,0.021724,0.078495,-0.180257,0.272080,-9.804569
152.000000,1.000000,0.922100,-0.002914,0.021844,0.078501,-0.002914,0.021844,0.078501,-0.223804,1.001345,-9.756194
153.000000,1.000000,0.937526,-0.002979,0.021579,0.078861,-0.002979,0.021579,0.078861,-0.880961,0.064562,-9.770150
154.000000,1.000000,0.978269,-0.003262,0.021387,0.078630,-0.003262,0.021387,0.078630,0.812072,0.282532,-9.772247
155.000000,1.000000,0.933240,-0.003176,0.021603,0.078303,-0.003176,0.021603,0.078303,0.397219,0.421811,-9.792875
156.000000,1.000000,1.012128,-0.003258,0.022485,0.078189,-0.003258,0.022485,0.078189,2.250737,-1.866673,-9.364070
157.000000,1.000000,0.986382,-0.003329,0.021845,0.078130,-0.003329,0.021845,0.078130,0.415440,-1.389512,-9.702204
158.000000,1.000000,0.986382,-0.003329,0.021845,0.078130,-0.003329,0.021845,0.078130,0.415440,-1.389512,-9.702204
159.000000,1.000000,1.005045,-0.003483,0.021452,0.078224,-0.003483,0.021452,0.078224,-0.077081,-0.228025,-9.807047
160.000000,1.000000,1.011989,-0.003390,0.022147,0.077952,-0.003390,0.022147,0.077952,-0.022040,0.001212,-9.809975
161.000000,1.000000,1.015643,-0.003276,0.022257,0.077813,-0.003276,0.022257,0.077813,0.864693,0.524124,-9.757751
162.000000,1.000000,1.005081,-0.003212,0.022423,0.078077,-0.003212,0.022423,0.078077,-0.031055,0.040886,-9.809866
163.000000,1.000000,0.973391,-0.003248,0.022281,0.077994,-0.003248,0.022281,0.077994,-0.079844,0.034810,-9.809613
164.000000,1.000000,0.975905,-0.003284,0.021566,0.078339,-0.003284,0.021566,0.078339,0.707310,0.010969,-9.784462
165.000000,1.000000,0.953839,-0.003879,0.021892,0.077215,-0.003879,0.021892,0.077215,0.007093,-1.585587,-9.681010
166.000000,1.000000,1.004587,-0.003476,0.022748,0.077862,-0.003476,0.022748,0.077862,-3.194384,0.145772,-9.274199
167.000000,1.000000,1.043505,-0.002748,0.022260,0.079001,-0.002748,0.022260,0.079001,1.963213,0.349120,-9.605207
168.000000,1.000000,1.038299,-0.002993,0.021501,0.078557,-0.002993,0.021501,0.078557,1.173469,1.497343,-9.623774
169.000000,1.000000,0.985358,-0.003014,0.022135,0.078696,-0.003014,0.022135,0.078696,0.382376,1.315388,-9.713889
170.000000,1.000000,0.999514,-0.002917,0.021239,0.079775,-0.002917,0.021239,0.079775,-4.025938,2.943680,-8.447643
171.000000,1.000000,1.054032,-0.003442,0.022147,0.078361,-0.003442,0.022147,0.078361,-0.046897,-1.009545,-9.757803
172.000000,1.000000,1.003421,-0.002981,0.020960,0.078817,-0.002981,0.020960,0.078817,-0.615869,1.016343,-9.737754
173.000000,1.000000,0.987507,-0.003110,0.021484,0.078523,-0.003110,0.021484,0.078523,-0.975729,0.648398,-9.739796
174.000000,1.000000,0.833808,-0.003273,0.021257,0.078250,-0.003273,0.021257,0.078250,0.578878,-3.046384,-9.307016
175.000000,1.000000,0.730398,-0.003348,0.020773,0.078630,-0.003348,0.020773,0.078630,1.617471,-4.931436,-8.324712
176.000000,1.000000,0.936351,-0.003586,0.021639,0.077707,-0.003586,0.021639,0.077707,3.611236,2.301362,-8.826030
177.000000,1.000000,1.005879,-0.003975,0.021357,0.078942,-0.003975,0.021357,0.078942,0.637060,0.430395,-9.779827
178.000000,1.000000,1.001776,-0.003744,0.021606,0.080406,-0.003744,0.021606,0.080406,-0.300851,0.094863,-9.804927
179.000000,1.000000,1.023331,-0.003280,0.022058,0.079406,-0.003280,0.022058,0.079406,0.222154,-0.070546,-9.807231
180.000000,1.000000,1.012928,-0.001844,0.021121,0.079517,-0.001844,0.021121,0.079517,-0.082679,-0.015603,-9.809639
181.000000,1.000000,0.966840,-0.003432,0.019413,0.075910,-0.003432,0.019413,0.075910,0.117269,-0.342051,-9.803334
182.000000,1.000000,0.947435,-0.003710,0.021100,0.078710,-0.003710,0.021100,0.078710,-1.001856,-0.100300,-9.758193
183.000000,1.000000,0.997820,-0.003568,0.021336,0.078028,-0.003568,0.021336,0.078028,-0.350777,-0.029933,-9.803681
184.000000,1.000000,1.016786,-0.002926,0.021096,0.078159,-0.002926,0.021096,0.078159,-1.030530,-0.098235,-9.755227
185.000000,1.000000,0.995349,-0.003311,0.020767,0.078381,-0.003311,0.020767,0.078381,0.492900,-0.377917,-9.790318
186.000000,1.000000,1.010271,-0.003038,0.021697,0.078689,-0.003038,0.021697,0.078689,-1.031607,-0.294713,-9.751155
187.000000,1.000000,1.002514,-0.003414,0.020557,0.079593,-0.003414,0.020557,0.079593,-0.422729,0.034238,-9.800828
188.000000,1.000000,1.044803,-0.004605,0.021671,0.078005,-0.004605,0.021671,0.078005,-0.225841,0.036334,-9.807333
189.000000,1.000000,1.044803,-0.004605,0.021671,0.078005,-0.004605,0.021671,0.078005,-0.225841,0.036334,-9.807333
190.000000,1.000000,0.999176,-0.002005,0.021345,0.079651,-0.002005,0.021345,0.079651,-0.047162,0.022251,-9.809861
191.000000,1.000000,0.993800,-0.003209,0.021130,0.077239,-0.003209,0.021130,0.077239,0.455913,-0.316149,-9.794299
192.000000,1.000000,0.994397,-0.003274,0.021034,0.079589,-0.003274,0.021034,0.079589,-0.046784,0.142261,-9.808857
193.000000,1.000000,0.987657,-0.003751,0.021630,0.078725,-0.003751,0.021630,0.078725,0.114007,0.004230,-9.809337
194.000000,1.000000,1.013456,-0.002990,0.020394,0.078924,-0.002990,0.020394,0.078924,-0.086934,-0.094044,-9.809164
195.000000,1.000000,1.043328,-0.002093,0.021187,0.078369,-0.002093,0.021187,0.078369,-0.091177,0.051119,-9.809443
196.000000,1.000000,1.043328,-0.002093,0.021187,0.078369,-0.002093,0.021187,0.078369,-0.091177,0.051119,-9.809443
197.000000,1.000000,1.025149,-0.002171,0.021356,0.078146,-0.002171,0.021356,0.078146,-0.018514,0.058031,-9.809811
198.000000,1.000000,1.065482,-0.002971,0.022037,0.078433,-0.002971,0.022037,0.078433,0.243196,0.195526,-9.805036
199.000000,1.000000,1.009068,-0.003304,0.021216,0.078286,-0.003304,0.021216,0.078286,-1.226998,-0.860295,-9.694868
200.000000,1.000000,1.001659,-0.002851,0.021100,0.079449,-0.002851,0.021100,0.079449,-0.692060,-1.462644,-9.675631
201.000000,1.000000,1.057702,-0.002945,0.021514,0.078548,-0.002945,0.021514,0.078548,0.802465,-0.039152,-9.777045
202.000000,1.000000,0.973520,-0.003165,0.020806,0.078602,-0.003165,0.020806,0.078602,-0.734775,-2.151781,-9.542853
203.000000,1.000000,0.973520,-0.003165,0.020806,0.078602,-0.003165,0.020806,0.078602,-0.734775,-2.151781,-9.542853
204.000000,1.000000,0.988812,-0.003081,0.021436,0.078128,-0.003081,0.021436,0.078128,1.045432,-0.475559,-9.742536
205.000000,1.000000,0.988812,-0.003081,0.021436,0.078128,-0.003081,0.021436,0.078128,1.045432,-0.475559,-9.742536
206.000000,1.000000,0.988812,-0.003081,0.021436,0.078128,-0.003081,0.021436,0.078128,1.045432,-0.475559,-9.742536
207.000000,1.000000,0.988812,-0.003081,0.021436,0.078128,-0.003081,0.021436,0.078128,1.045432,-0.475559,-9.742536
208.000000,1.000000,0.973785,-0.003141,0.021322,0.078518,-0.003141,0.021322,0.078518,-1.053007,-1.797265,-9.586298
209.000000,1.000000,0.973785,-0.003141,0.021322,0.078518,-0.003141,0.021322,0.078518,-1.053007,-1.797265,-9.586298
210.000000,1.000000,1.006430,-0.003188,0.021482,0.078303,-0.003188,0.021482,0.078303,0.778853,-1.239354,-9.700180
211.000000,1.000000,1.022286,-0.003229,0.021215,0.078396,-0.003229,0.021215,0.078396,0.798000,-0.392851,-9.769594
212.000000,1.000000,1.049621,-0.003173,0.021819,0.078560,-0.003173,0.021819,0.078560,-0.403594,1.386272,-9.703168
213.000000,1.000000,1.018292,-0.003002,0.021802,0.078676,-0.003002,0.021802,0.078676,-2.482676,0.316553,-9.485368
214.000000,1.000000,1.005386,-0.003474,0.021566,0.078162,-0.003474,0.021566,0.078162,0.017226,0.001446,-9.809985
215.000000,1.000000,0.999918,-0.003208,0.021813,0.078489,-0.003208,0.021813,0.078489,0.430450,-1.208647,-9.725738
216.000000,1.000000,1.026528,-0.002687,0.021692,0.078651,-0.002687,0.021692,0.078651,-0.535684,-0.781605,-9.764130
217.000000,1.000000,1.007046,-0.003237,0.021196,0.078908,-0.003237,0.021196,0.078908,-1.846581,-0.058989,-9.634457
218.000000,1.000000,1.007046,-0.003237,0.021196,0.078908,-0.003237,0.021196,0.078908,-1.846581,-0.058989,-9.634457
219.000000,1.000000,0.989260,-0.003279,0.021722,0.078285,-0.003279,0.021722,0.078285,-0.532551,-0.409901,-9.786954
220.000000,1.000000,1.008466,-0.003015,0.021978,0.078872,-0.003015,0.021978,0.078872,-0.519997,-0.348178,-9.790019
221.000000,1.000000,0.939981,-0.003414,0.021250,0.077416,-0.003414,0.021250,0.077416,-3.810734,0.104263,-9.039001
222.000000,1.000000,1.032973,-0.003142,0.021932,0.078707,-0.003142,0.021932,0.078707,0.931531,0.721354,-9.738994
223.000000,1.000000,1.032973,-0.003142,0.021932,0.078707,-0.003142,0.021932,0.078707,0.931531,0.721354,-9.738994
224.000000,1.000000,1.014101,-0.003337,0.021335,0.077808,-0.003337,0.021335,0.077808,0.024303,0.059877,-9.809787
225.000000,1.000000,0.968886,-0.003011,0.021625,0.078566,-0.003011,0.021625,0.078566,-0.627521,2.311047,-9.513221
226.000000,1.000000,0.952054,-0.003054,0.022397,0.078502,-0.003054,0.022397,0.078502,-1.744084,0.167791,-9.652260
227.000000,1.000000,1.001320,-0.002973,0.021469,0.078453,-0.002973,0.021469,0.078453,0.187848,0.521031,-9.794352
228.000000,1.000000,1.002367,-0.003126,0.021729,0.078931,-0.003126,0.021729,0.078931,0.613851,-0.075116,-9.790487
229.000000,1.000000,0.972544,-0.003218,0.021403,0.078004,-0.003218,0.021403,0.078004,0.723225,2.482332,-9.463143
230.000000,1.000000,1.028010,-0.002980,0.021441,0.079068,-0.002980,0.021441,0.079068,1.718977,-1.181572,-9.585672
231.000000,1.000000,1.035819,-0.002898,0.022010,0.078152,-0.002898,0.022010,0.078152,2.003030,-0.216018,-9.600901
232.000000,1.000000,0.994428,-0.002000,0.021302,0.078390,-0.002000,0.021302,0.078390,-0.097875,-0.123717,-9.808732
233.000000,1.000000,0.994428,-0.002000,0.021302,0.078390,-0.002000,0.021302,0.078390,-0.097875,-0.123717,-9.808732
234.000000,1.000000,0.951555,-0.003001,0.021273,0.077929,-0.003001,0.021273,0.077929,-0.049429,-0.018997,-9.809857
235.000000,1.000000,1.092067,-0.003867,0.021158,0.078663,-0.003867,0.021158,0.078663,0.252006,0.220506,-9.804283
236.000000,1.000000,1.092067,-0.003867,0.021158,0.078663,-0.003867,0.021158,0.078663,0.252006,0.220506,-9.804283
237.000000,1.000000,1.092067,-0.003867,0.021158,0.078663,-0.003867,0.021158,0.078663,0.252006,0.220506,-9.804283
238.000000,1.000000,1.049227,-0.004021,0.022116,0.077833,-0.004021,0.022116,0.077833,-0.598368,-0.461360,-9.780859
239.000000,1.000000,1.027760,-0.003641,0.021014,0.078175,-0.003641,0.021014,0.078175,-0.198380,0.165899,-9.806591
240.000000,1.000000,1.005907,-0.002773,0.020972,0.077623,-0.002773,0.020972,0.077623,-0.029954,0.121301,-9.809204
241.000000,1.000000,0.892030,-0.002979,0.021525,0.077883,-0.002979,0.021525,0.077883,-0.282375,-0.084767,-9.805569
242.000000,1.000000,0.968944,-0.003987,0.021389,0.077665,-0.003987,0.021389,0.077665,-0.548524,-0.295069,-9.790207
243.000000,1.000000,0.998642,-0.003948,0.021413,0.078248,-0.003948,0.021413,0.078248,0.305642,-0.857642,-9.767658
244.000000,1.000000,0.918004,-0.003586,0.021534,0.077973,-0.003586,0.021534,0.077973,-0.819570,-4.129742,-8.860566
245.000000,1.000000,0.965373,-0.003329,0.021776,0.078098,-0.003329,0.021776,0.078098,-1.313847,-1.728375,-9.566746
246.000000,1.000000,1.000700,-0.003320,0.021154,0.077995,-0.003320,0.021154,0.077995,0.602329,0.609567,-9.772499
247.000000,1.000000,0.982274,-0.003741,0.020564,0.077145,-0.003741,0.020564,0.077145,-1.089783,-1.109461,-9.685947
248.000000,1.000000,0.982274,-0.003741,0.020564,0.077145,-0.003741,0.020564,0.077145,-1.089783,-1.109461,-9.685947
249.000000,1.000000,1.011982,-0.003249,0.021491,0.077693,-0.003249,0.021491,0.077693,-0.694949,1.860179,-9.606918
250.000000,1.000000,1.011982,-0.003249,0.021491,0.077693,-0.003249,0.021491,0.077693,-0.694949,1.860179,-9.606918
251.000000,1.000000,1.027718,-0.003545,0.021235,0.077140,-0.003545,0.021235,0.077140,-0.602716,1.139603,-9.724924
252.000000,1.000000,0.966743,-0.003511,0.021277,0.077896,-0.003511,0.021277,0.077896,0.454134,-0.198491,-9.797472
253.000000,1.000000,0.961404,-0.003354,0.021425,0.077963,-0.003354,0.021425,0.077963,0.007759,1.263262,-9.728320
254.000000,1.000000,0.950853,-0.003077,0.021662,0.077490,-0.003077,0.021662,0.077490,-0.830358,-0.881823,-9.734937
255.000000,1.000000,0.983730,-0.003262,0.022148,0.078381,-0.003262,0.022148,0.078381,-0.742520,-0.231774,-9.779113
256.000000,1.000000,1.008201,-0.003609,0.021581,0.077580,-0.003609,0.021581,0.077580,1.496201,0.503637,-9.682140
257.000000,1.000000,0.990593,-0.003995,0.021343,0.077695,-0.003995,0.021343,0.077695,0.129105,0.180795,-9.807484
258.000000,1.000000,0.969991,-0.002906,0.021157,0.078307,-0.002906,0.021157,0.078307,-0.291676,-0.034589,-9.805602
259.000000,1.000000,0.969991,-0.002906,0.021157,0.078307,-0.002906,0.021157,0.078307,-0.291676,-0.034589,-9.805602
260.000000,1.000000,0.890851,-0.002829,0.021596,0.076669,-0.002829,0.021596,0.076669,0.720719,0.026757,-9.783453
261.000000,1.000000,0.974967,-0.003716,0.021527,0.077708,-0.003716,0.021527,0.077708,-0.712661,-0.287471,-9.779856
262.000000,1.000000,0.926828,-0.003173,0.021526,0.077394,-0.003173,0.021526,0.077394,0.706754,1.435504,-9.678633
263.000000,1.000000,0.926828,-0.003173,0.021526,0.077394,-0.003173,0.021526,0.077394,0.706754,1.435504,-9.678633
264.000000,1.000000,0.926828,-0.003173,0.021526,0.077394,-0.003173,0.021526,0.077394,0.706754,1.435504,-9.678633
265.000000,1.000000,0.845862,-0.003847,0.021876,0.077728,-0.003847,0.021876,0.077728,-2.063412,0.069464,-9.590287
266.000000,1.000000,0.996477,-0.003556,0.021644,0.077453,-0.003556,0.021644,0.077453,-0.039274,0.022254,-9.809896
267.000000,1.000000,0.996477,-0.003556,0.021644,0.077453,-0.003556,0.021644,0.077453,-0.039274,0.022254,-9.809896
268.000000,1.000000,1.077865,-0.003456,0.021537,0.077700,-0.003456,0.021537,0.077700,0.278733,-0.294233,-9.801624
269.000000,1.000000,1.077865,-0.003456,0.021537,0.077700,-0.003456,0.021537,0.077700,0.278733,-0.294233,-9.801624
270.000000,1.000000,1.014162,-0.003807,0.021323,0.077248,-0.003807,0.021323,0.077248,0.000273,-0.020730,-9.809978
271.000000,1.000000,1.014162,-0.003807,0.021323,0.077248,-0.003807,0.021323,0.077248,0.000273,-0.020730,-9.809978
272.000000,1.000000,1.037581,-0.003471,0.021221,0.077424,-0.003471,0.021221,0.077424,0.203119,-0.192480,-9.806008
273.000000,1.000000,1.033075,-0.003948,0.021478,0.076691,-0.003948,0.021478,0.076691,-0.158251,-0.050694,-9.808593
274.000000,1.000000,1.012096,-0.002830,0.021112,0.077294,-0.002830,0.021112,0.077294,0.766771,-0.054768,-9.779835
275.000000,1.000000,1.012096,-0.002830,0.021112,0.077294,-0.002830,0.021112,0.077294,0.766771,-0.054768,-9.779835
276.000000,1.000000,1.028717,-0.003246,0.021297,0.077123,-0.003246,0.021297,0.077123,-0.160390,0.719677,-9.782251
277.000000,1.000000,0.996374,-0.002914,0.021102,0.077356,-0.002914,0.021102,0.077356,0.201216,-0.627673,-9.787831
278.000000,1.000000,0.996374,-0.002914,0.021102,0.077356,-0.002914,0.021102,0.077356,0.201216,-0.627673,-9.787831
279.000000,1.000000,0.983713,-0.002928,0.021433,0.077533,-0.002928,0.021433,0.077533,-0.040651,0.203037,-9.807814
280.000000,1.000000,1.015390,-0.003950,0.021037,0.077729,-0.003950,0.021037,0.077729,-0.024139,0.093582,-9.809524
281.000000,1.000000,1.014858,-0.003584,0.021382,0.078083,-0.003584,0.021382,0.078083,-0.105294,-0.220032,-9.806967
282.000000,1.000000,0.939049,-0.003609,0.021216,0.077769,-0.003609,0.021216,0.077769,-0.445707,1.688961,-9.653230
283.000000,1.000000,0.939041,-0.003050,0.020526,0.077575,-0.003050,0.020526,0.077575,-0.218819,-1.383110,-9.709543
284.000000,1.000000,0.984364,-0.003005,0.021314,0.077714,-0.003005,0.021314,0.077714,-0.221897,-0.137186,-9.806531
285.000000,1.000000,0.970034,-0.003225,0.021063,0.077668,-0.003225,0.021063,0.077668,0.259562,0.521753,-9.792676
286.000000,1.000000,0.945742,-0.003780,0.021074,0.077718,-0.003780,0.021074,0.077718,0.052140,-0.059614,-9.809680
287.000000,1.000000,1.001856,-0.004086,0.021166,0.077999,-0.004086,0.021166,0.077999,-0.603421,-0.331433,-9.785813
288.000000,1.000000,0.984495,-0.003424,0.021114,0.077875,-0.003424,0.021114,0.077875,0.739856,1.385101,-9.683502
289.000000,1.000000,0.996054,-0.003693,0.021234,0.076846,-0.003693,0.021234,0.076846,2.452906,5.821607,-7.505214
290.000000,1.000000,1.000251,-0.003282,0.021162,0.077736,-0.003282,0.021162,0.077736,1.798696,0.441266,-9.633591
291.000000,1.000000,0.967676,-0.003245,0.021388,0.077642,-0.003245,0.021388,0.077642,-0.486299,-1.116771,-9.734086
292.000000,1.000000,1.049664,-0.003501,0.021492,0.076911,-0.003501,0.021492,0.076911,2.126055,-0.263835,-9.573212
293.000000,1.000000,0.986684,-0.003600,0.021397,0.077611,-0.003600,0.021397,0.077611,-1.157215,-0.232356,-9.738735
294.000000,1.000000,1.002322,-0.003788,0.021760,0.077332,-0.003788,0.021760,0.077332,-0.157872,0.060402,-9.808544
295.000000,1.000000,0.992744,-0.003473,0.021705,0.077510,-0.003473,0.021705,0.077510,-0.442234,-0.111628,-9.799391
296.000000,1.000000,0.986073,-0.002874,0.021695,0.077339,-0.002874,0.021695,0.077339,-0.424231,0.346470,-9.794697
297.000000,1.000000,0.863923,-0.003407,0.021840,0.077786,-0.003407,0.021840,0.077786,1.722321,3.155760,-9.127480
298.000000,1.000000,0.863923,-0.003407,0.021840,0.077786,-0.003407,0.021840,0.077786,1.722321,3.155760,-9.127480
299.000000,1.000000,0.863923,-0.003407,0.021840,0.077786,-0.003407,0.021840,0.077786,1.722321,3.155760,-9.127480
300.000000,1.000000,0.863923,-0.003407,0.021840,0.077786,-0.003407,0.021840,0.077786,1.722321,3.155760,-9.127480
301.000000,1.000000,1.088960,-0.003425,0.021630,0.077763,-0.003425,0.021630,0.077763,-2.475568,-4.886584,-8.138118
302.000000,1.000000,0.971195,-0.003377,0.022038,0.077410,-0.003377,0.022038,0.077410,1.219216,-0.006430,-9.733939
303.000000,1.000000,0.978973,-0.003361,0.021482,0.077400,-0.003361,0.021482,0.077400,0.767762,2.692608,-9.401942
304.000000,1.000000,0.907910,-0.003277,0.021569,0.077617,-0.003277,0.021569,0.077617,-1.199301,0.557252,-9.720455
305.000000,1.000000,0.997166,-0.003353,0.021460,0.077796,-0.003353,0.021460,0.077796,1.169800,-0.499284,-9.727198
306.000000,1.000000,0.989321,-0.003479,0.021526,0.077374,-0.003479,0.021526,0.077374,2.339286,0.242808,-9.523911
307.000000,1.000000,1.078212,-0.003184,0.021275,0.077812,-0.003184,0.021275,0.077812,3.430210,3.222898,-8.607130
308.000000,1.000000,1.074900,-0.003831,0.021456,0.077764,-0.003831,0.021456,0.077764,1.202354,3.257213,-9.175021
309.000000,1.000000,1.028688,-0.003564,0.021718,0.078184,-0.003564,0.021718,0.078184,0.247721,-0.400711,-9.798682
310.000000,1.000000,1.026988,-0.003699,0.021915,0.077377,-0.003699,0.021915,0.077377,0.308229,0.078918,-9.804839
311.000000,1.000000,0.955235,-0.003153,0.021730,0.077663,-0.003153,0.021730,0.077663,0.558412,-0.420302,-9.785071
312.000000,1.000000,0.885623,-0.003035,0.021387,0.078349,-0.003035,0.021387,0.078349,1.477763,-2.236089,-9.436749
313.000000,1.000000,0.979999,-0.002835,0.021375,0.077480,-0.002835,0.021375,0.077480,-0.516308,-3.383854,-9.193425
314.000000,1.000000,1.043539,-0.002276,0.021323,0.077709,-0.002276,0.021323,0.077709,-0.134320,-0.124240,-9.808294
315.000000,1.000000,1.008238,-0.002818,0.021196,0.077317,-0.002818,0.021196,0.077317,-0.059509,0.006721,-9.809817
316.000000,1.000000,0.989784,-0.004234,0.021591,0.078679,-0.004234,0.021591,0.078679,-0.071379,-0.298387,-9.805201
317.000000,1.000000,0.971791,-0.004571,0.021711,0.077880,-0.004571,0.021711,0.077880,-0.080083,0.171102,-9.808181
318.000000,1.000000,1.011336,-0.003234,0.021506,0.078008,-0.003234,0.021506,0.078008,0.232195,-1.370206,-9.711062
319.000000,1.000000,1.026387,-0.003204,0.021774,0.078051,-0.003204,0.021774,0.078051,0.707069,-0.693040,-9.759910
320.000000,1.000000,0.980916,-0.003375,0.022024,0.077848,-0.003375,0.022024,0.077848,-0.420148,-0.757297,-9.771698
321.000000,1.000000,0.946726,-0.003527,0.021092,0.078113,-0.003527,0.021092,0.078113,-2.302122,0.069582,-9.535801
322.000000,1.000000,0.917420,-0.003272,0.022670,0.077219,-0.003272,0.022670,0.077219,1.071282,-0.140807,-9.750314
323.000000,1.000000,0.933206,-0.003089,0.021449,0.077815,-0.003089,0.021449,0.077815,0.838427,-1.440017,-9.667445
324.000000,1.000000,1.003168,-0.003046,0.021710,0.077743,-0.003046,0.021710,0.077743,-0.306570,-0.798459,-9.772644
325.000000,1.000000,0.967322,-0.003852,0.021229,0.077650,-0.003852,0.021229,0.077650,-0.044228,-0.067039,-9.809671
326.000000,1.000000,1.013283,-0.003592,0.022228,0.078245,-0.003592,0.022228,0.078245,-0.614800,-0.158854,-9.789427
327.000000,1.000000,0.998586,-0.003179,0.021367,0.078122,-0.003179,0.021367,0.078122,-2.221824,-1.275635,-9.469549
328.000000,1.000000,0.927177,-0.003303,0.021348,0.077492,-0.003303,0.021348,0.077492,-0.434246,0.636966,-9.779663
329.000000,1.000000,1.010351,-0.003509,0.022507,0.077353,-0.003509,0.022507,0.077353,-0.061508,0.246707,-9.806704
330.000000,1.000000,1.081811,-0.003646,0.021857,0.077864,-0.003646,0.021857,0.077864,1.452309,0.477664,-9.690136
331.000000,1.000000,1.081811,-0.003646,0.021857,0.077864,-0.003646,0.021857,0.077864,1.452309,0.477664,-9.690136
332.000000,1.000000,1.034483,-0.003219,0.021578,0.077801,-0.003219,0.021578,0.077801,2.377557,0.038545,-9.517449
333.000000,1.000000,0.987131,-0.003563,0.021765,0.077420,-0.003563,0.021765,0.077420,-0.545790,0.498881,-9.782092
334.000000,1.000000,0.987131,-0.003563,0.021765,0.077420,-0.003563,0.021765,0.077420,-0.545790,0.498881,-9.782092
335.000000,1.000000,0.991618,-0.003461,0.021535,0.077464,-0.003461,0.021535,0.077464,0.132692,-0.021856,-9.809078
336.000000,1.000000,0.989243,-0.003484,0.022045,0.077852,-0.003484,0.022045,0.077852,-0.592530,0.279339,-9.788104
337.000000,1.000000,1.095814,-0.003578,0.021811,0.077413,-0.003578,0.021811,0.077413,2.574855,2.574900,-9.109123
338.000000,1.000000,1.083769,-0.003162,0.022316,0.077822,-0.003162,0.022316,0.077822,-1.767843,-1.011129,-9.596273
339.000000,1.000000,0.960315,-0.003708,0.021410,0.077283,-0.003708,0.021410,0.077283,-3.670973,-1.037720,-9.037876
340.000000,1.000000,0.966070,-0.003403,0.021676,0.077779,-0.003403,0.021676,0.077779,0.098182,-0.512572,-9.796108
341.000000,1.000000,0.962553,-0.004123,0.021746,0.078539,-0.004123,0.021746,0.078539,-0.059782,-0.125444,-9.809016
342.000000,1.000000,1.019618,-0.004269,0.020969,0.077882,-0.004269,0.020969,0.077882,0.154059,-0.085804,-9.808415
343.000000,1.000000,1.032880,-0.003352,0.021570,0.077502,-0.003352,0.021570,0.077502,0.047519,-0.007983,-9.809882
344.000000,1.000000,1.036428,-0.002392,0.020924,0.077139,-0.002392,0.020924,0.077139,-0.131336,-0.144370,-9.808058
345.000000,1.000000,0.969937,-0.002924,0.021528,0.077623,-0.002924,0.021528,0.077623,1.394839,-0.413904,-9.701505
346.000000,1.000000,0.980440,-0.003715,0.021360,0.077865,-0.003715,0.021360,0.077865,-0.117082,-0.568420,-9.792818
347.000000,1.000000,0.999961,-0.003380,0.020866,0.077765,-0.003380,0.020866,0.077765,-0.183017,-0.091667,-9.807864
348.000000,1.000000,1.020363,-0.003372,0.020486,0.077678,-0.003372,0.020486,0.077678,-0.025320,-2.719438,-9.425503
349.000000,1.000000,1.020363,-0.003372,0.020486,0.077678,-0.003372,0.020486,0.077678,-0.025320,-2.719438,-9.425503
350.000000,1.000000,0.985171,-0.003321,0.021421,0.077942,-0.003321,0.021421,0.077942,3.658419,-7.000624,-5.817503
351.000000,1.000000,0.929074,-0.003644,0.021806,0.077897,-0.003644,0.021806,0.077897,-0.896569,-2.185980,-9.521227
352.000000,1.000000,1.038182,-0.003475,0.020869,0.077677,-0.003475,0.020869,0.077677,-0.250731,1.046169,-9.750834
353.000000,1.000000,1.055469,-0.003362,0.021900,0.077491,-0.003362,0.021900,0.077491,-0.416743,-0.601437,-9.782673
354.000000,1.000000,1.036196,-0.003294,0.021003,0.077492,-0.003294,0.021003,0.077492,-0.486886,0.254323,-9.794609
355.000000,1.000000,1.042923,-0.003137,0.021037,0.078416,-0.003137,0.021037,0.078416,0.212306,-0.335933,-9.801948
356.000000,1.000000,0.962690,-0.003532,0.022208,0.077641,-0.003532,0.022208,0.077641,-3.444190,0.564261,-9.168166
357.000000,1.000000,0.995324,-0.003293,0.021732,0.077923,-0.003293,0.021732,0.077923,-1.740728,1.649029,-9.512448
358.000000,1.000000,0.995324,-0.003293,0.021732,0.077923,-0.003293,0.021732,0.077923,-1.740728,1.649029,-9.512448
359.000000,1.000000,0.981785,-0.003249,0.021321,0.077801,-0.003249,0.021321,0.077801,0.002395,0.474667,-9.798509
360.000000,1.000000,0.990556,-0.002832,0.021474,0.078978,-0.002832,0.021474,0.078978,0.272404,0.395835,-9.798225
361.000000,1.000000,1.016639,-0.003743,0.021068,0.077414,-0.003743,0.021068,0.077414,0.311454,0.248113,-9.801915